3,35276
2,07082
1,28194
0,788885
0,493053
0,295832
0,197221
-------------------------------------------
3,35276 
-------------------------------------------next
6,54836
4,04674
2,50162
1,54512
0,956502
0,588617
0,367885
0,220731
0,147154
-------------------------------------------
6,54836 
-------------------------------------------next
12,7898
7,90479
4,88498
3,01981
1,86517
1,15463
0,710543
0,444089
0,266454
0,177636
-------------------------------------------
12,7898 
-------------------------------------------next
5,23869
3,23846
2,00023
1,23824
0,761991
0,476244
0,285747
0,190498
-------------------------------------------
5,23869 
-------------------------------------------next
19,984
12,3506
7,63338
4,71726
2,91612
1,80113
1,11499
0,686146
0,428842
0,257305
0,171537
-------------------------------------------
19,984 
-------------------------------------------next
2,68221
1,65666
1,02555
0,631108
0,394443
0,236666
0,157777
-------------------------------------------
2,68221 
1,3411 
0,683577 
0,683269 
-------------------------------------------next
19,984
12,3506
7,63338
4,71726
2,91612
1,80113
1,11499
0,686146
0,428842
0,257305
0,171537
-------------------------------------------
19,984 
-------------------------------------------next
12,7898
7,90479
4,88498
3,01981
1,86517
1,15463
0,710543
0,444089
0,266454
0,177636
-------------------------------------------
12,7898 
6,39488 
5,74324 
0,249646 
0,159566 
0,152676 
-------------------------------------------next
19,984
12,3506
7,63338
4,71726
2,91612
1,80113
1,11499
0,686146
0,428842
0,257305
0,171537
-------------------------------------------
19,984 
-------------------------------------------next
6,54836
4,04674
2,50162
1,54512
0,956502
0,588617
0,367885
0,220731
0,147154
-------------------------------------------
6,54836 
-------------------------------------------next
15,9872
9,88051
6,1067
3,77381
2,3329
1,44091
0,89199
0,548917
0,343073
0,205844
0,137229
-------------------------------------------
15,9872 
-------------------------------------------next
1,71661
1,06267
0,653948
0,408718
0,245231
0,163487
-------------------------------------------
1,71661 
0,858307 
0,822951 
-------------------------------------------next
8,18545
5,05843
3,12703
1,9314
1,19563
0,735771
0,459857
0,275914
0,183943
-------------------------------------------
8,18545 
-------------------------------------------next
48,7891
30,1533
18,6358
11,5174
7,11841
4,39902
2,71939
1,67962
1,03977
0,639857
0,399911
0,239946
0,159964
-------------------------------------------
48,7891 
24,3945 
10,9918 
-------------------------------------------next
12,7898
7,90479
4,88498
3,01981
1,86517
1,15463
0,710543
0,444089
0,266454
0,177636
-------------------------------------------
12,7898 
6,39488 
5,75243 
0,246274 
0,156684 
0,150004 
-------------------------------------------next
15,9872
9,88051
6,1067
3,77381
2,3329
1,44091
0,89199
0,548917
0,343073
0,205844
0,137229
-------------------------------------------
15,9872 
-------------------------------------------next
12,7898
7,90479
4,88498
3,01981
1,86517
1,15463
0,710543
0,444089
0,266454
0,177636
-------------------------------------------
12,7898 
-------------------------------------------next
3,35276
2,07082
1,28194
0,788885
0,493053
0,295832
0,197221
-------------------------------------------
3,35276 
-------------------------------------------next
12,7898
7,90479
4,88498
3,01981
1,86517
1,15463
0,710543
0,444089
0,266454
0,177636
-------------------------------------------
12,7898 
-------------------------------------------next
19,984
12,3506
7,63338
4,71726
2,91612
1,80113
1,11499
0,686146
0,428842
0,257305
0,171537
-------------------------------------------
19,984 
-------------------------------------------next
31,225
19,2982
11,9268
7,37142
4,55537
2,81605
1,73932
1,07672
0,6626
0,414125
0,248475
0,16565
-------------------------------------------
31,225 
-------------------------------------------next
2,68221
1,65666
1,02555
0,631108
0,394443
0,236666
0,157777
-------------------------------------------
2,68221 
-------------------------------------------next
24,98
15,4386
9,54144
5,89714
3,6443
2,25284
1,39146
0,86138
0,53008
0,3313
0,19878
0,13252
-------------------------------------------
24,98 
-------------------------------------------next
2,68221
1,65666
1,02555
0,631108
0,394443
0,236666
0,157777
-------------------------------------------
2,68221 
1,3411 
1,01602 
-------------------------------------------next
8,18545
5,05843
3,12703
1,9314
1,19563
0,735771
0,459857
0,275914
0,183943
-------------------------------------------
8,18545 
4,09273 
3,75726 
-------------------------------------------next
39,0313
24,1226
14,9087
9,21394
5,69473
3,51921
2,17551
1,3437
0,831814
0,511886
0,319929
0,191957
0,127971
-------------------------------------------
39,0313 
-------------------------------------------next
31,225
19,2982
11,9268
7,37142
4,55537
2,81605
1,73932
1,07672
0,6626
0,414125
0,248475
0,16565
-------------------------------------------
31,225 
-------------------------------------------next
6,54836
4,04674
2,50162
1,54512
0,956502
0,588617
0,367885
0,220731
0,147154
-------------------------------------------
6,54836 
3,27418 
2,01568 
-------------------------------------------next
31,225
19,2982
11,9268
7,37142
4,55537
2,81605
1,73932
1,07672
0,6626
0,414125
0,248475
0,16565
-------------------------------------------
31,225 
-------------------------------------------next
19,984
12,3506
7,63338
4,71726
2,91612
1,80113
1,11499
0,686146
0,428842
0,257305
0,171537
-------------------------------------------
19,984 
-------------------------------------------next
2,14577
1,32533
0,82044
0,504886
0,315554
0,189332
0,126222
-------------------------------------------
2,14577 
-------------------------------------------next
39,0313
24,1226
14,9087
9,21394
5,69473
3,51921
2,17551
1,3437
0,831814
0,511886
0,319929
0,191957
0,127971
-------------------------------------------
39,0313 
19,5156 
5,79754 
-------------------------------------------next
39,0313
24,1226
14,9087
9,21394
5,69473
3,51921
2,17551
1,3437
0,831814
0,511886
0,319929
0,191957
0,127971
-------------------------------------------
39,0313 
-------------------------------------------next
15,9872
9,88051
6,1067
3,77381
2,3329
1,44091
0,89199
0,548917
0,343073
0,205844
0,137229
-------------------------------------------
15,9872 
-------------------------------------------next
10,2318
6,32383
3,90799
2,41585
1,49214
0,923706
0,568434
0,355271
0,213163
0,142109
-------------------------------------------
10,2318 
5,11591 
3,00515 
0,116999 
-------------------------------------------next
24,98
15,4386
9,54144
5,89714
3,6443
2,25284
1,39146
0,86138
0,53008
0,3313
0,19878
0,13252
-------------------------------------------
24,98 
-------------------------------------------next
0,878906
0,540865
0,338041
0,202825
0,135216
-------------------------------------------
0,878906 
0,439453 
0,386284 
-------------------------------------------next
1,71661
1,06267
0,653948
0,408718
0,245231
0,163487
-------------------------------------------
1,71661 
-------------------------------------------next
3,35276
2,07082
1,28194
0,788885
0,493053
0,295832
0,197221
-------------------------------------------
3,35276 
1,67638 
1,10764 
-------------------------------------------next
24,98
15,4386
9,54144
5,89714
3,6443
2,25284
1,39146
0,86138
0,53008
0,3313
0,19878
0,13252
-------------------------------------------
24,98 
-------------------------------------------next
12,7898
7,90479
4,88498
3,01981
1,86517
1,15463
0,710543
0,444089
0,266454
0,177636
-------------------------------------------
12,7898 
-------------------------------------------next
31,225
19,2982
11,9268
7,37142
4,55537
2,81605
1,73932
1,07672
0,6626
0,414125
0,248475
0,16565
-------------------------------------------
31,225 
-------------------------------------------next
2,14577
1,32533
0,82044
0,504886
0,315554
0,189332
0,126222
-------------------------------------------
2,14577 
-------------------------------------------next
8,18545
5,05843
3,12703
1,9314
1,19563
0,735771
0,459857
0,275914
0,183943
-------------------------------------------
8,18545 
-------------------------------------------next
10,2318
6,32383
3,90799
2,41585
1,49214
0,923706
0,568434
0,355271
0,213163
0,142109
-------------------------------------------
10,2318 
5,11591 
2,97996 
0,123425 
0,120142 
-------------------------------------------next
15,9872
9,88051
6,1067
3,77381
2,3329
1,44091
0,89199
0,548917
0,343073
0,205844
0,137229
-------------------------------------------
15,9872 
-------------------------------------------next
15,9872
9,88051
6,1067
3,77381
2,3329
1,44091
0,89199
0,548917
0,343073
0,205844
0,137229
-------------------------------------------
15,9872 
7,99361 
6,32413 
0,900869 
0,813011 
-------------------------------------------next
39,0313
24,1226
14,9087
9,21394
5,69473
3,51921
2,17551
1,3437
0,831814
0,511886
0,319929
0,191957
0,127971
-------------------------------------------
39,0313 
-------------------------------------------next
1,71661
1,06267
0,653948
0,408718
0,245231
0,163487
-------------------------------------------
1,71661 
0,858307 
-------------------------------------------next
24,98
15,4386
9,54144
5,89714
3,6443
2,25284
1,39146
0,86138
0,53008
0,3313
0,19878
0,13252
-------------------------------------------
24,98 
-------------------------------------------next
4,19095
2,59077
1,60018
0,990589
0,609593
0,380996
0,228597
0,152398
-------------------------------------------
4,19095 
-------------------------------------------next
31,225
19,2982
11,9268
7,37142
4,55537
2,81605
1,73932
1,07672
0,6626
0,414125
0,248475
0,16565
-------------------------------------------
31,225 
-------------------------------------------next
19,984
12,3506
7,63338
4,71726
2,91612
1,80113
1,11499
0,686146
0,428842
0,257305
0,171537
-------------------------------------------
19,984 
-------------------------------------------next
19,984
12,3506
7,63338
4,71726
2,91612
1,80113
1,11499
0,686146
0,428842
0,257305
0,171537
-------------------------------------------
19,984 
-------------------------------------------next
31,225
19,2982
11,9268
7,37142
4,55537
2,81605
1,73932
1,07672
0,6626
0,414125
0,248475
0,16565
-------------------------------------------
31,225 
-------------------------------------------next
15,9872
9,88051
6,1067
3,77381
2,3329
1,44091
0,89199
0,548917
0,343073
0,205844
0,137229
-------------------------------------------
15,9872 
-------------------------------------------next
3,35276
2,07082
1,28194
0,788885
0,493053
0,295832
0,197221
-------------------------------------------
3,35276 
-------------------------------------------next
1,71661
1,06267
0,653948
0,408718
0,245231
0,163487
-------------------------------------------
1,71661 
-------------------------------------------next
31,225
19,2982
11,9268
7,37142
4,55537
2,81605
1,73932
1,07672
0,6626
0,414125
0,248475
0,16565
-------------------------------------------
31,225 
-------------------------------------------next
15,9872
9,88051
6,1067
3,77381
2,3329
1,44091
0,89199
0,548917
0,343073
0,205844
0,137229
-------------------------------------------
15,9872 
7,99361 
4,84223 
0,461879 
0,460533 
-------------------------------------------next
39,0313
24,1226
14,9087
9,21394
5,69473
3,51921
2,17551
1,3437
0,831814
0,511886
0,319929
0,191957
0,127971
-------------------------------------------
39,0313 
19,5156 
7,28028 
-------------------------------------------next
24,98
15,4386
9,54144
5,89714
3,6443
2,25284
1,39146
0,86138
0,53008
0,3313
0,19878
0,13252
-------------------------------------------
24,98 
-------------------------------------------next
39,0313
24,1226
14,9087
9,21394
5,69473
3,51921
2,17551
1,3437
0,831814
0,511886
0,319929
0,191957
0,127971
-------------------------------------------
39,0313 
19,5156 
6,14195 
-------------------------------------------next
31,225
19,2982
11,9268
7,37142
4,55537
2,81605
1,73932
1,07672
0,6626
0,414125
0,248475
0,16565
-------------------------------------------
31,225 
-------------------------------------------next
15,9872
9,88051
6,1067
3,77381
2,3329
1,44091
0,89199
0,548917
0,343073
0,205844
0,137229
-------------------------------------------
15,9872 
-------------------------------------------next
39,0313
24,1226
14,9087
9,21394
5,69473
3,51921
2,17551
1,3437
0,831814
0,511886
0,319929
0,191957
0,127971
-------------------------------------------
39,0313 
19,5156 
2,46922 
-------------------------------------------next
24,98
15,4386
9,54144
5,89714
3,6443
2,25284
1,39146
0,86138
0,53008
0,3313
0,19878
0,13252
-------------------------------------------
24,98 
-------------------------------------------next
19,984
12,3506
7,63338
4,71726
2,91612
1,80113
1,11499
0,686146
0,428842
0,257305
0,171537
-------------------------------------------
19,984 
-------------------------------------------next
15,9872
9,88051
6,1067
3,77381
2,3329
1,44091
0,89199
0,548917
0,343073
0,205844
0,137229
-------------------------------------------
15,9872 
-------------------------------------------next
1,71661
1,06267
0,653948
0,408718
0,245231
0,163487
-------------------------------------------
1,71661 
0,858307 
0,519646 
0,518635 
-------------------------------------------next
4,19095
2,59077
1,60018
0,990589
0,609593
0,380996
0,228597
0,152398
-------------------------------------------
4,19095 
2,09548 
1,60027 
-------------------------------------------next
12,7898
7,90479
4,88498
3,01981
1,86517
1,15463
0,710543
0,444089
0,266454
0,177636
-------------------------------------------
12,7898 
-------------------------------------------next
19,984
12,3506
7,63338
4,71726
2,91612
1,80113
1,11499
0,686146
0,428842
0,257305
0,171537
-------------------------------------------
19,984 
-------------------------------------------next
19,984
12,3506
7,63338
4,71726
2,91612
1,80113
1,11499
0,686146
0,428842
0,257305
0,171537
-------------------------------------------
19,984 
-------------------------------------------next
15,9872
9,88051
6,1067
3,77381
2,3329
1,44091
0,89199
0,548917
0,343073
0,205844
0,137229
-------------------------------------------
15,9872 
-------------------------------------------next
31,225
19,2982
11,9268
7,37142
4,55537
2,81605
1,73932
1,07672
0,6626
0,414125
0,248475
0,16565
-------------------------------------------
31,225 
-------------------------------------------next
12,7898
7,90479
4,88498
3,01981
1,86517
1,15463
0,710543
0,444089
0,266454
0,177636
-------------------------------------------
12,7898 
6,39488 
3,62867 
0,18347 
0,183009 
-------------------------------------------next
5,23869
3,23846
2,00023
1,23824
0,761991
0,476244
0,285747
0,190498
-------------------------------------------
5,23869 
-------------------------------------------next
1,25
0,769231
0,480769
0,288462
0,192308
-------------------------------------------
1,25 
-------------------------------------------next
5,23869
3,23846
2,00023
1,23824
0,761991
0,476244
0,285747
0,190498
-------------------------------------------
5,23869 
-------------------------------------------next
10,2318
6,32383
3,90799
2,41585
1,49214
0,923706
0,568434
0,355271
0,213163
0,142109
-------------------------------------------
10,2318 
5,11591 
4,32485 
0,220377 
0,182389 
-------------------------------------------next
12,7898
7,90479
4,88498
3,01981
1,86517
1,15463
0,710543
0,444089
0,266454
0,177636
-------------------------------------------
12,7898 
-------------------------------------------next
48,7891
30,1533
18,6358
11,5174
7,11841
4,39902
2,71939
1,67962
1,03977
0,639857
0,399911
0,239946
0,159964
-------------------------------------------
48,7891 
24,3945 
11,2523 
-------------------------------------------next
2
1,2381
0,761905
0,47619
0,285714
0,190476
-------------------------------------------
2 
1 
0,724516 
-------------------------------------------next
4,19095
2,59077
1,60018
0,990589
0,609593
0,380996
0,228597
0,152398
-------------------------------------------
4,19095 
2,09548 
1,58227 
-------------------------------------------next
39,0313
24,1226
14,9087
9,21394
5,69473
3,51921
2,17551
1,3437
0,831814
0,511886
0,319929
0,191957
0,127971
-------------------------------------------
39,0313 
19,5156 
9,66227 
-------------------------------------------next
10,2318
6,32383
3,90799
2,41585
1,49214
0,923706
0,568434
0,355271
0,213163
0,142109
-------------------------------------------
10,2318 
-------------------------------------------next
31,225
19,2982
11,9268
7,37142
4,55537
2,81605
1,73932
1,07672
0,6626
0,414125
0,248475
0,16565
-------------------------------------------
31,225 
-------------------------------------------next
24,98
15,4386
9,54144
5,89714
3,6443
2,25284
1,39146
0,86138
0,53008
0,3313
0,19878
0,13252
-------------------------------------------
24,98 
-------------------------------------------next
4,19095
2,59077
1,60018
0,990589
0,609593
0,380996
0,228597
0,152398
-------------------------------------------
4,19095 
-------------------------------------------next
15,9872
9,88051
6,1067
3,77381
2,3329
1,44091
0,89199
0,548917
0,343073
0,205844
0,137229
-------------------------------------------
15,9872 
-------------------------------------------next
12,7898
7,90479
4,88498
3,01981
1,86517
1,15463
0,710543
0,444089
0,266454
0,177636
-------------------------------------------
12,7898 
-------------------------------------------next
12,7898
7,90479
4,88498
3,01981
1,86517
1,15463
0,710543
0,444089
0,266454
0,177636
-------------------------------------------
12,7898 
-------------------------------------------next
19,984
12,3506
7,63338
4,71726
2,91612
1,80113
1,11499
0,686146
0,428842
0,257305
0,171537
-------------------------------------------
19,984 
-------------------------------------------next
31,225
19,2982
11,9268
7,37142
4,55537
2,81605
1,73932
1,07672
0,6626
0,414125
0,248475
0,16565
-------------------------------------------
31,225 
-------------------------------------------next
15,9872
9,88051
6,1067
3,77381
2,3329
1,44091
0,89199
0,548917
0,343073
0,205844
0,137229
-------------------------------------------
15,9872 
-------------------------------------------next
31,225
19,2982
11,9268
7,37142
4,55537
2,81605
1,73932
1,07672
0,6626
0,414125
0,248475
0,16565
-------------------------------------------
31,225 
-------------------------------------------next
24,98
15,4386
9,54144
5,89714
3,6443
2,25284
1,39146
0,86138
0,53008
0,3313
0,19878
0,13252
-------------------------------------------
24,98 
-------------------------------------------next
12,7898
7,90479
4,88498
3,01981
1,86517
1,15463
0,710543
0,444089
0,266454
0,177636
-------------------------------------------
12,7898 
-------------------------------------------next
15,9872
9,88051
6,1067
3,77381
2,3329
1,44091
0,89199
0,548917
0,343073
0,205844
0,137229
-------------------------------------------
15,9872 
-------------------------------------------next
20,5664
12,7106
7,85584
4,85473
3,00111
1,85362
1,14748
0,706143
0,441339
0,264804
0,176536
-------------------------------------------
20,5664 
-------------------------------------------next
20,5664
12,7106
7,85584
4,85473
3,00111
1,85362
1,14748
0,706143
0,441339
0,264804
0,176536
-------------------------------------------
20,5664 
-------------------------------------------next
20,5664
12,7106
7,85584
4,85473
3,00111
1,85362
1,14748
0,706143
0,441339
0,264804
0,176536
-------------------------------------------
20,5664 
-------------------------------------------next
104,117
64,3481
39,7693
24,5788
15,1906
9,38817
5,80241
3,58576
2,21665
1,36911
0,847543
0,521565
0,325978
0,195587
0,130391
-------------------------------------------
104,117 
52,0587 
37,699 
8,56442 
-------------------------------------------next
46,2744
28,5991
17,6753
10,9238
6,75151
4,17228
2,57923
1,59305
0,986176
0,606878
0,379298
0,227579
0,151719
-------------------------------------------
46,2744 
-------------------------------------------next
9,14062
5,64941
3,49121
2,1582
1,33301
0,825195
0,507812
0,317383
0,19043
0,126953
-------------------------------------------
9,14062 
-------------------------------------------next
46,2744
28,5991
17,6753
10,9238
6,75151
4,17228
2,57923
1,59305
0,986176
0,606878
0,379298
0,227579
0,151719
-------------------------------------------
46,2744 
24,3569 
23,1372 
9,17113 
8,98775 
2,70202 
2,62604 
0,239316 
0,235714 
-------------------------------------------next
234,264
144,783
89,481
55,3023
34,1786
21,1237
13,055
8,0687
4,98627
3,08242
1,90385
1,17857
0,725276
0,453298
0,271979
0,181319
-------------------------------------------
234,264 
-------------------------------------------next
20,5664
12,7106
7,85584
4,85473
3,00111
1,85362
1,14748
0,706143
0,441339
0,264804
0,176536
-------------------------------------------
20,5664 
-------------------------------------------next
46,2744
28,5991
17,6753
10,9238
6,75151
4,17228
2,57923
1,59305
0,986176
0,606878
0,379298
0,227579
0,151719
-------------------------------------------
46,2744 
23,1372 
5,23102 
-------------------------------------------next
46,2744
28,5991
17,6753
10,9238
6,75151
4,17228
2,57923
1,59305
0,986176
0,606878
0,379298
0,227579
0,151719
-------------------------------------------
46,2744 
-------------------------------------------next
46,2744
28,5991
17,6753
10,9238
6,75151
4,17228
2,57923
1,59305
0,986176
0,606878
0,379298
0,227579
0,151719
-------------------------------------------
46,2744 
24,6794 
23,1372 
10,9656 
1,02073 
1,00286 
-------------------------------------------next
9,14062
5,64941
3,49121
2,1582
1,33301
0,825195
0,507812
0,317383
0,19043
0,126953
-------------------------------------------
9,14062 
-------------------------------------------next
46,2744
28,5991
17,6753
10,9238
6,75151
4,17228
2,57923
1,59305
0,986176
0,606878
0,379298
0,227579
0,151719
-------------------------------------------
46,2744 
24,2928 
23,1372 
9,09271 
8,59311 
2,61543 
2,56356 
0,209302 
0,206227 
-------------------------------------------next
104,117
64,3481
39,7693
24,5788
15,1906
9,38817
5,80241
3,58576
2,21665
1,36911
0,847543
0,521565
0,325978
0,195587
0,130391
-------------------------------------------
104,117 
52,0587 
19,7137 
0,255319 
-------------------------------------------next
5,0625
3,12955
1,93295
1,19659
0,736364
0,460227
0,276136
0,184091
-------------------------------------------
5,0625 
-------------------------------------------next
46,2744
28,5991
17,6753
10,9238
6,75151
4,17228
2,57923
1,59305
0,986176
0,606878
0,379298
0,227579
0,151719
-------------------------------------------
46,2744 
-------------------------------------------next
46,2744
28,5991
17,6753
10,9238
6,75151
4,17228
2,57923
1,59305
0,986176
0,606878
0,379298
0,227579
0,151719
-------------------------------------------
46,2744 
-------------------------------------------next
46,2744
28,5991
17,6753
10,9238
6,75151
4,17228
2,57923
1,59305
0,986176
0,606878
0,379298
0,227579
0,151719
-------------------------------------------
46,2744 
-------------------------------------------next
20,5664
12,7106
7,85584
4,85473
3,00111
1,85362
1,14748
0,706143
0,441339
0,264804
0,176536
-------------------------------------------
20,5664 
10,2832 
9,92857 
1,20885 
0,859842 
-------------------------------------------next
234,264
144,783
89,481
55,3023
34,1786
21,1237
13,055
8,0687
4,98627
3,08242
1,90385
1,17857
0,725276
0,453298
0,271979
0,181319
-------------------------------------------
234,264 
-------------------------------------------next
46,2744
28,5991
17,6753
10,9238
6,75151
4,17228
2,57923
1,59305
0,986176
0,606878
0,379298
0,227579
0,151719
-------------------------------------------
46,2744 
23,9332 
8,75714 
7,96117 
3,40099 
-------------------------------------------next
104,117
64,3481
39,7693
24,5788
15,1906
9,38817
5,80241
3,58576
2,21665
1,36911
0,847543
0,521565
0,325978
0,195587
0,130391
-------------------------------------------
104,117 
-------------------------------------------next
46,2744
28,5991
17,6753
10,9238
6,75151
4,17228
2,57923
1,59305
0,986176
0,606878
0,379298
0,227579
0,151719
-------------------------------------------
46,2744 
23,1372 
4,82345 
-------------------------------------------next
46,2744
28,5991
17,6753
10,9238
6,75151
4,17228
2,57923
1,59305
0,986176
0,606878
0,379298
0,227579
0,151719
-------------------------------------------
46,2744 
-------------------------------------------next
234,264
144,783
89,481
55,3023
34,1786
21,1237
13,055
8,0687
4,98627
3,08242
1,90385
1,17857
0,725276
0,453298
0,271979
0,181319
-------------------------------------------
234,264 
-------------------------------------------next
234,264
144,783
89,481
55,3023
34,1786
21,1237
13,055
8,0687
4,98627
3,08242
1,90385
1,17857
0,725276
0,453298
0,271979
0,181319
-------------------------------------------
234,264 
117,132 
97,2677 
97,2656 
-------------------------------------------next
234,264
144,783
89,481
55,3023
34,1786
21,1237
13,055
8,0687
4,98627
3,08242
1,90385
1,17857
0,725276
0,453298
0,271979
0,181319
-------------------------------------------
234,264 
-------------------------------------------next
46,2744
28,5991
17,6753
10,9238
6,75151
4,17228
2,57923
1,59305
0,986176
0,606878
0,379298
0,227579
0,151719
-------------------------------------------
46,2744 
23,1372 
8,96183 
-------------------------------------------next
104,117
64,3481
39,7693
24,5788
15,1906
9,38817
5,80241
3,58576
2,21665
1,36911
0,847543
0,521565
0,325978
0,195587
0,130391
-------------------------------------------
104,117 
52,0587 
47,365 
47,0163 
46,9414 
46,9344 
46,9331 
46,9329 
-------------------------------------------next
234,264
144,783
89,481
55,3023
34,1786
21,1237
13,055
8,0687
4,98627
3,08242
1,90385
1,17857
0,725276
0,453298
0,271979
0,181319
-------------------------------------------
234,264 
117,132 
39,3014 
38,9821 
-------------------------------------------next
9,14062
5,64941
3,49121
2,1582
1,33301
0,825195
0,507812
0,317383
0,19043
0,126953
-------------------------------------------
9,14062 
4,57031 
3,53245 
0,174119 
0,150471 
-------------------------------------------next
20,5664
12,7106
7,85584
4,85473
3,00111
1,85362
1,14748
0,706143
0,441339
0,264804
0,176536
-------------------------------------------
20,5664 
10,2832 
9,07897 
1,5166 
1,15947 
0,134078 
0,133977 
-------------------------------------------next
104,117
64,3481
39,7693
24,5788
15,1906
9,38817
5,80241
3,58576
2,21665
1,36911
0,847543
0,521565
0,325978
0,195587
0,130391
-------------------------------------------
104,117 
52,0587 
7,09685 
4,16852 
-------------------------------------------next
20,5664
12,7106
7,85584
4,85473
3,00111
1,85362
1,14748
0,706143
0,441339
0,264804
0,176536
-------------------------------------------
20,5664 
10,2832 
0,513502 
0,243697 
-------------------------------------------next
5,0625
3,12955
1,93295
1,19659
0,736364
0,460227
0,276136
0,184091
-------------------------------------------
5,0625 
2,53125 
1,48115 
-------------------------------------------next
20,5664
12,7106
7,85584
4,85473
3,00111
1,85362
1,14748
0,706143
0,441339
0,264804
0,176536
-------------------------------------------
20,5664 
10,2832 
8,00145 
1,57633 
1,41238 
0,147163 
0,146589 
-------------------------------------------next
234,264
144,783
89,481
55,3023
34,1786
21,1237
13,055
8,0687
4,98627
3,08242
1,90385
1,17857
0,725276
0,453298
0,271979
0,181319
-------------------------------------------
234,264 
-------------------------------------------next
104,117
64,3481
39,7693
24,5788
15,1906
9,38817
5,80241
3,58576
2,21665
1,36911
0,847543
0,521565
0,325978
0,195587
0,130391
-------------------------------------------
104,117 
52,0587 
18,2852 
0,151079 
-------------------------------------------next
104,117
64,3481
39,7693
24,5788
15,1906
9,38817
5,80241
3,58576
2,21665
1,36911
0,847543
0,521565
0,325978
0,195587
0,130391
-------------------------------------------
104,117 
52,0587 
26,4616 
26,4608 
-------------------------------------------next
9,14062
5,64941
3,49121
2,1582
1,33301
0,825195
0,507812
0,317383
0,19043
0,126953
-------------------------------------------
9,14062 
4,57031 
2,56319 
-------------------------------------------next
234,264
144,783
89,481
55,3023
34,1786
21,1237
13,055
8,0687
4,98627
3,08242
1,90385
1,17857
0,725276
0,453298
0,271979
0,181319
-------------------------------------------
234,264 
-------------------------------------------next
20,5664
12,7106
7,85584
4,85473
3,00111
1,85362
1,14748
0,706143
0,441339
0,264804
0,176536
-------------------------------------------
20,5664 
-------------------------------------------next
104,117
64,3481
39,7693
24,5788
15,1906
9,38817
5,80241
3,58576
2,21665
1,36911
0,847543
0,521565
0,325978
0,195587
0,130391
-------------------------------------------
104,117 
52,0587 
47,7407 
46,1044 
45,7117 
45,5575 
45,5139 
45,498 
45,4931 
45,4914 
45,4909 
45,4907 
45,4907 
-------------------------------------------next
104,117
64,3481
39,7693
24,5788
15,1906
9,38817
5,80241
3,58576
2,21665
1,36911
0,847543
0,521565
0,325978
0,195587
0,130391
-------------------------------------------
104,117 
52,0587 
38,2513 
37,9763 
37,7309 
37,7184 
37,7121 
37,7117 
37,7115 
-------------------------------------------next
104,117
64,3481
39,7693
24,5788
15,1906
9,38817
5,80241
3,58576
2,21665
1,36911
0,847543
0,521565
0,325978
0,195587
0,130391
-------------------------------------------
104,117 
52,0587 
22,3993 
0,284434 
-------------------------------------------next
46,2744
28,5991
17,6753
10,9238
6,75151
4,17228
2,57923
1,59305
0,986176
0,606878
0,379298
0,227579
0,151719
-------------------------------------------
46,2744 
24,3599 
23,1372 
9,17453 
9,00432 
2,70449 
2,62731 
0,240643 
0,237024 
-------------------------------------------next
104,117
64,3481
39,7693
24,5788
15,1906
9,38817
5,80241
3,58576
2,21665
1,36911
0,847543
0,521565
0,325978
0,195587
0,130391
-------------------------------------------
104,117 
52,0587 
37,111 
36,9388 
36,7588 
36,7529 
36,7498 
36,7496 
-------------------------------------------next
2,25
1,38971
0,860294
0,529412
0,330882
0,198529
0,132353
-------------------------------------------
2,25 
1,125 
-------------------------------------------next
2
1,2381
0,761905
0,47619
0,285714
0,190476
-------------------------------------------
2 
1 
0,810093 
-------------------------------------------next
234,264
144,783
89,481
55,3023
34,1786
21,1237
13,055
8,0687
4,98627
3,08242
1,90385
1,17857
0,725276
0,453298
0,271979
0,181319
-------------------------------------------
234,264 
-------------------------------------------next
9,14062
5,64941
3,49121
2,1582
1,33301
0,825195
0,507812
0,317383
0,19043
0,126953
-------------------------------------------
9,14062 
4,57031 
3,68291 
0,579 
0,559109 
-------------------------------------------next
5,0625
3,12955
1,93295
1,19659
0,736364
0,460227
0,276136
0,184091
-------------------------------------------
5,0625 
2,53125 
0,117957 
0,117798 
-------------------------------------------next
20,5664
12,7106
7,85584
4,85473
3,00111
1,85362
1,14748
0,706143
0,441339
0,264804
0,176536
-------------------------------------------
20,5664 
10,2832 
9,14068 
1,81048 
1,59014 
0,18565 
0,183648 
-------------------------------------------next
5,0625
3,12955
1,93295
1,19659
0,736364
0,460227
0,276136
0,184091
-------------------------------------------
5,0625 
2,53125 
2,44536 
-------------------------------------------next
20,5664
12,7106
7,85584
4,85473
3,00111
1,85362
1,14748
0,706143
0,441339
0,264804
0,176536
-------------------------------------------
20,5664 
10,2832 
8,05676 
1,7328 
1,67455 
0,151647 
0,150133 
-------------------------------------------next
20,5664
12,7106
7,85584
4,85473
3,00111
1,85362
1,14748
0,706143
0,441339
0,264804
0,176536
-------------------------------------------
20,5664 
-------------------------------------------next
46,2744
28,5991
17,6753
10,9238
6,75151
4,17228
2,57923
1,59305
0,986176
0,606878
0,379298
0,227579
0,151719
-------------------------------------------
46,2744 
23,1372 
21,5034 
11,9511 
0,756483 
0,427676 
-------------------------------------------next
234,264
144,783
89,481
55,3023
34,1786
21,1237
13,055
8,0687
4,98627
3,08242
1,90385
1,17857
0,725276
0,453298
0,271979
0,181319
-------------------------------------------
234,264 
-------------------------------------------next
234,264
144,783
89,481
55,3023
34,1786
21,1237
13,055
8,0687
4,98627
3,08242
1,90385
1,17857
0,725276
0,453298
0,271979
0,181319
-------------------------------------------
234,264 
-------------------------------------------next
20,5664
12,7106
7,85584
4,85473
3,00111
1,85362
1,14748
0,706143
0,441339
0,264804
0,176536
-------------------------------------------
20,5664 
10,2832 
8,96659 
1,84472 
1,65897 
0,18581 
0,1837 
-------------------------------------------next
104,117
64,3481
39,7693
24,5788
15,1906
9,38817
5,80241
3,58576
2,21665
1,36911
0,847543
0,521565
0,325978
0,195587
0,130391
-------------------------------------------
104,117 
52,0587 
30,0471 
1,79344 
-------------------------------------------next
46,2744
28,5991
17,6753
10,9238
6,75151
4,17228
2,57923
1,59305
0,986176
0,606878
0,379298
0,227579
0,151719
-------------------------------------------
46,2744 
-------------------------------------------next
5,0625
3,12955
1,93295
1,19659
0,736364
0,460227
0,276136
0,184091
-------------------------------------------
5,0625 
-------------------------------------------next
234,264
144,783
89,481
55,3023
34,1786
21,1237
13,055
8,0687
4,98627
3,08242
1,90385
1,17857
0,725276
0,453298
0,271979
0,181319
-------------------------------------------
234,264 
117,132 
102,317 
-------------------------------------------next
104,117
64,3481
39,7693
24,5788
15,1906
9,38817
5,80241
3,58576
2,21665
1,36911
0,847543
0,521565
0,325978
0,195587
0,130391
-------------------------------------------
104,117 
52,0587 
28,141 
0,582545 
-------------------------------------------next
2,25
1,38971
0,860294
0,529412
0,330882
0,198529
0,132353
-------------------------------------------
2,25 
-------------------------------------------next
46,2744
28,5991
17,6753
10,9238
6,75151
4,17228
2,57923
1,59305
0,986176
0,606878
0,379298
0,227579
0,151719
-------------------------------------------
46,2744 
24,7838 
23,1372 
10,5241 
9,58603 
1,12168 
0,635084 
0,604501 
-------------------------------------------next
234,264
144,783
89,481
55,3023
34,1786
21,1237
13,055
8,0687
4,98627
3,08242
1,90385
1,17857
0,725276
0,453298
0,271979
0,181319
-------------------------------------------
234,264 
-------------------------------------------next
104,117
64,3481
39,7693
24,5788
15,1906
9,38817
5,80241
3,58576
2,21665
1,36911
0,847543
0,521565
0,325978
0,195587
0,130391
-------------------------------------------
104,117 
64,0472 
11,9885 
-------------------------------------------next
46,2744
28,5991
17,6753
10,9238
6,75151
4,17228
2,57923
1,59305
0,986176
0,606878
0,379298
0,227579
0,151719
-------------------------------------------
46,2744 
24,5326 
23,1372 
9,74542 
9,33836 
2,26901 
2,07492 
0,251285 
0,249324 
-------------------------------------------next
46,2744
28,5991
17,6753
10,9238
6,75151
4,17228
2,57923
1,59305
0,986176
0,606878
0,379298
0,227579
0,151719
-------------------------------------------
46,2744 
23,1372 
6,06099 
-------------------------------------------next
46,2744
28,5991
17,6753
10,9238
6,75151
4,17228
2,57923
1,59305
0,986176
0,606878
0,379298
0,227579
0,151719
-------------------------------------------
46,2744 
-------------------------------------------next
46,2744
28,5991
17,6753
10,9238
6,75151
4,17228
2,57923
1,59305
0,986176
0,606878
0,379298
0,227579
0,151719
-------------------------------------------
46,2744 
23,1372 
1,72247 
0,664348 
0,527797 
-------------------------------------------next
234,264
144,783
89,481
55,3023
34,1786
21,1237
13,055
8,0687
4,98627
3,08242
1,90385
1,17857
0,725276
0,453298
0,271979
0,181319
-------------------------------------------
234,264 
117,132 
98,4323 
98,4314 
-------------------------------------------next
46,2744
28,5991
17,6753
10,9238
6,75151
4,17228
2,57923
1,59305
0,986176
0,606878
0,379298
0,227579
0,151719
-------------------------------------------
46,2744 
23,1372 
7,19748 
6,48277 
1,84415 
1,82053 
-------------------------------------------next
46,2744
28,5991
17,6753
10,9238
6,75151
4,17228
2,57923
1,59305
0,986176
0,606878
0,379298
0,227579
0,151719
-------------------------------------------
46,2744 
23,1372 
3,87601 
3,20703 
0,320494 
0,302448 
-------------------------------------------next
46,2744
28,5991
17,6753
10,9238
6,75151
4,17228
2,57923
1,59305
0,986176
0,606878
0,379298
0,227579
0,151719
-------------------------------------------
46,2744 
-------------------------------------------next
46,2744
28,5991
17,6753
10,9238
6,75151
4,17228
2,57923
1,59305
0,986176
0,606878
0,379298
0,227579
0,151719
-------------------------------------------
46,2744 
23,1372 
10,7499 
-------------------------------------------next
46,2744
28,5991
17,6753
10,9238
6,75151
4,17228
2,57923
1,59305
0,986176
0,606878
0,379298
0,227579
0,151719
-------------------------------------------
46,2744 
-------------------------------------------next
46,2744
28,5991
17,6753
10,9238
6,75151
4,17228
2,57923
1,59305
0,986176
0,606878
0,379298
0,227579
0,151719
-------------------------------------------
46,2744 
23,1372 
3,52681 
-------------------------------------------next
46,2744
28,5991
17,6753
10,9238
6,75151
4,17228
2,57923
1,59305
0,986176
0,606878
0,379298
0,227579
0,151719
-------------------------------------------
46,2744 
24,7265 
23,1372 
10,3355 
9,50724 
1,47978 
1,07582 
0,124536 
0,124481 
-------------------------------------------next
9,14062
5,64941
3,49121
2,1582
1,33301
0,825195
0,507812
0,317383
0,19043
0,126953
-------------------------------------------
9,14062 
-------------------------------------------next
234,264
144,783
89,481
55,3023
34,1786
21,1237
13,055
8,0687
4,98627
3,08242
1,90385
1,17857
0,725276
0,453298
0,271979
0,181319
-------------------------------------------
234,264 
-------------------------------------------next
104,117
64,3481
39,7693
24,5788
15,1906
9,38817
5,80241
3,58576
2,21665
1,36911
0,847543
0,521565
0,325978
0,195587
0,130391
-------------------------------------------
104,117 
52,0587 
21,7855 
0,30263 
-------------------------------------------next
9,14062
5,64941
3,49121
2,1582
1,33301
0,825195
0,507812
0,317383
0,19043
0,126953
-------------------------------------------
9,14062 
4,57031 
2,60582 
-------------------------------------------next
20,5664
12,7106
7,85584
4,85473
3,00111
1,85362
1,14748
0,706143
0,441339
0,264804
0,176536
-------------------------------------------
20,5664 
-------------------------------------------next
20,5664
12,7106
7,85584
4,85473
3,00111
1,85362
1,14748
0,706143
0,441339
0,264804
0,176536
-------------------------------------------
20,5664 
10,2832 
9,34074 
3,53479 
3,45378 
-------------------------------------------next
20,5664
12,7106
7,85584
4,85473
3,00111
1,85362
1,14748
0,706143
0,441339
0,264804
0,176536
-------------------------------------------
20,5664 
-------------------------------------------next
104,117
64,3481
39,7693
24,5788
15,1906
9,38817
5,80241
3,58576
2,21665
1,36911
0,847543
0,521565
0,325978
0,195587
0,130391
-------------------------------------------
104,117 
52,0587 
46,8401 
45,061 
44,551 
44,3544 
44,2903 
44,2663 
44,2581 
44,2551 
44,254 
44,2537 
44,2535 
44,2535 
-------------------------------------------next
20,5664
12,7106
7,85584
4,85473
3,00111
1,85362
1,14748
0,706143
0,441339
0,264804
0,176536
-------------------------------------------
20,5664 
-------------------------------------------next
9,14062
5,64941
3,49121
2,1582
1,33301
0,825195
0,507812
0,317383
0,19043
0,126953
-------------------------------------------
9,14062 
-------------------------------------------next
234,264
144,783
89,481
55,3023
34,1786
21,1237
13,055
8,0687
4,98627
3,08242
1,90385
1,17857
0,725276
0,453298
0,271979
0,181319
-------------------------------------------
234,264 
117,132 
101,759 
-------------------------------------------next
104,117
64,3481
39,7693
24,5788
15,1906
9,38817
5,80241
3,58576
2,21665
1,36911
0,847543
0,521565
0,325978
0,195587
0,130391
-------------------------------------------
104,117 
68,5558 
16,4971 
-------------------------------------------next
46,2744
28,5991
17,6753
10,9238
6,75151
4,17228
2,57923
1,59305
0,986176
0,606878
0,379298
0,227579
0,151719
-------------------------------------------
46,2744 
-------------------------------------------next
104,117
64,3481
39,7693
24,5788
15,1906
9,38817
5,80241
3,58576
2,21665
1,36911
0,847543
0,521565
0,325978
0,195587
0,130391
-------------------------------------------
104,117 
52,0587 
30,3539 
2,02389 
-------------------------------------------next
104,117
64,3481
39,7693
24,5788
15,1906
9,38817
5,80241
3,58576
2,21665
1,36911
0,847543
0,521565
0,325978
0,195587
0,130391
-------------------------------------------
104,117 
52,0587 
37,7963 
37,5663 
37,3479 
37,3386 
37,3337 
37,3334 
-------------------------------------------next
104,117
64,3481
39,7693
24,5788
15,1906
9,38817
5,80241
3,58576
2,21665
1,36911
0,847543
0,521565
0,325978
0,195587
0,130391
-------------------------------------------
104,117 
-------------------------------------------next
20,5664
12,7106
7,85584
4,85473
3,00111
1,85362
1,14748
0,706143
0,441339
0,264804
0,176536
-------------------------------------------
20,5664 
10,2832 
6,69504 
1,02288 
0,957207 
-------------------------------------------next
20,5664
12,7106
7,85584
4,85473
3,00111
1,85362
1,14748
0,706143
0,441339
0,264804
0,176536
-------------------------------------------
20,5664 
-------------------------------------------next
101,004
62,4238
38,5801
23,8438
14,7363
9,10743
5,6289
3,47853
2,15036
1,32817
0,822198
0,505968
0,31623
0,189738
0,126492
-------------------------------------------
101,004 
50,502 
-------------------------------------------next
31,0781
19,2074
11,8707
7,33675
4,53394
2,8028
1,73114
1,07166
0,659483
0,412177
0,247306
0,164871
-------------------------------------------
31,0781 
-------------------------------------------next
101,004
62,4238
38,5801
23,8438
14,7363
9,10743
5,6289
3,47853
2,15036
1,32817
0,822198
0,505968
0,31623
0,189738
0,126492
-------------------------------------------
101,004 
50,502 
28,6103 
28,6097 
-------------------------------------------next
31,0781
19,2074
11,8707
7,33675
4,53394
2,8028
1,73114
1,07166
0,659483
0,412177
0,247306
0,164871
-------------------------------------------
31,0781 
-------------------------------------------next
101,004
62,4238
38,5801
23,8438
14,7363
9,10743
5,6289
3,47853
2,15036
1,32817
0,822198
0,505968
0,31623
0,189738
0,126492
-------------------------------------------
101,004 
50,502 
19,3038 
0,47351 
-------------------------------------------next
328,263
202,877
125,385
77,4923
47,8929
29,5994
18,2935
11,3059
6,98765
4,31821
2,66944
1,64877
1,02067
0,628104
0,392565
0,235539
0,157026
-------------------------------------------
328,263 
-------------------------------------------next
31,0781
19,2074
11,8707
7,33675
4,53394
2,8028
1,73114
1,07166
0,659483
0,412177
0,247306
0,164871
-------------------------------------------
31,0781 
15,7364 
3,11727 
2,91997 
1,65137 
-------------------------------------------next
101,004
62,4238
38,5801
23,8438
14,7363
9,10743
5,6289
3,47853
2,15036
1,32817
0,822198
0,505968
0,31623
0,189738
0,126492
-------------------------------------------
101,004 
50,502 
16,4065 
0,282149 
-------------------------------------------next
31,0781
19,2074
11,8707
7,33675
4,53394
2,8028
1,73114
1,07166
0,659483
0,412177
0,247306
0,164871
-------------------------------------------
31,0781 
-------------------------------------------next
10,5625
6,52821
4,03429
2,49392
1,54036
0,953559
0,586806
0,366753
0,220052
0,146701
-------------------------------------------
10,5625 
-------------------------------------------next
31,0781
19,2074
11,8707
7,33675
4,53394
2,8028
1,73114
1,07166
0,659483
0,412177
0,247306
0,164871
-------------------------------------------
31,0781 
-------------------------------------------next
10,5625
6,52821
4,03429
2,49392
1,54036
0,953559
0,586806
0,366753
0,220052
0,146701
-------------------------------------------
10,5625 
-------------------------------------------next
101,004
62,4238
38,5801
23,8438
14,7363
9,10743
5,6289
3,47853
2,15036
1,32817
0,822198
0,505968
0,31623
0,189738
0,126492
-------------------------------------------
101,004 
50,502 
36,232 
36,1635 
36,034 
36,0315 
36,0298 
36,0298 
-------------------------------------------next
101,004
62,4238
38,5801
23,8438
14,7363
9,10743
5,6289
3,47853
2,15036
1,32817
0,822198
0,505968
0,31623
0,189738
0,126492
-------------------------------------------
101,004 
50,502 
28,9664 
28,9655 
-------------------------------------------next
101,004
62,4238
38,5801
23,8438
14,7363
9,10743
5,6289
3,47853
2,15036
1,32817
0,822198
0,505968
0,31623
0,189738
0,126492
-------------------------------------------
101,004 
50,502 
18,8971 
0,47152 
-------------------------------------------next
31,0781
19,2074
11,8707
7,33675
4,53394
2,8028
1,73114
1,07166
0,659483
0,412177
0,247306
0,164871
-------------------------------------------
31,0781 
-------------------------------------------next
2
1,2381
0,761905
0,47619
0,285714
0,190476
-------------------------------------------
2 
-------------------------------------------next
328,263
202,877
125,385
77,4923
47,8929
29,5994
18,2935
11,3059
6,98765
4,31821
2,66944
1,64877
1,02067
0,628104
0,392565
0,235539
0,157026
-------------------------------------------
328,263 
-------------------------------------------next
328,263
202,877
125,385
77,4923
47,8929
29,5994
18,2935
11,3059
6,98765
4,31821
2,66944
1,64877
1,02067
0,628104
0,392565
0,235539
0,157026
-------------------------------------------
328,263 
-------------------------------------------next
31,0781
19,2074
11,8707
7,33675
4,53394
2,8028
1,73114
1,07166
0,659483
0,412177
0,247306
0,164871
-------------------------------------------
31,0781 
-------------------------------------------next
101,004
62,4238
38,5801
23,8438
14,7363
9,10743
5,6289
3,47853
2,15036
1,32817
0,822198
0,505968
0,31623
0,189738
0,126492
-------------------------------------------
101,004 
50,502 
37,6497 
37,248 
37,0659 
37,0549 
37,0512 
37,051 
-------------------------------------------next
328,263
202,877
125,385
77,4923
47,8929
29,5994
18,2935
11,3059
6,98765
4,31821
2,66944
1,64877
1,02067
0,628104
0,392565
0,235539
0,157026
-------------------------------------------
328,263 
-------------------------------------------next
328,263
202,877
125,385
77,4923
47,8929
29,5994
18,2935
11,3059
6,98765
4,31821
2,66944
1,64877
1,02067
0,628104
0,392565
0,235539
0,157026
-------------------------------------------
328,263 
-------------------------------------------next
101,004
62,4238
38,5801
23,8438
14,7363
9,10743
5,6289
3,47853
2,15036
1,32817
0,822198
0,505968
0,31623
0,189738
0,126492
-------------------------------------------
101,004 
50,502 
37,7709 
37,3365 
37,1498 
37,1378 
37,1339 
37,1336 
-------------------------------------------next
31,0781
19,2074
11,8707
7,33675
4,53394
2,8028
1,73114
1,07166
0,659483
0,412177
0,247306
0,164871
-------------------------------------------
31,0781 
-------------------------------------------next
10,5625
6,52821
4,03429
2,49392
1,54036
0,953559
0,586806
0,366753
0,220052
0,146701
-------------------------------------------
10,5625 
-------------------------------------------next
328,263
202,877
125,385
77,4923
47,8929
29,5994
18,2935
11,3059
6,98765
4,31821
2,66944
1,64877
1,02067
0,628104
0,392565
0,235539
0,157026
-------------------------------------------
328,263 
164,131 
101,437 
101,437 
-------------------------------------------next
101,004
62,4238
38,5801
23,8438
14,7363
9,10743
5,6289
3,47853
2,15036
1,32817
0,822198
0,505968
0,31623
0,189738
0,126492
-------------------------------------------
101,004 
50,502 
19,0978 
0,473795 
-------------------------------------------next
328,263
202,877
125,385
77,4923
47,8929
29,5994
18,2935
11,3059
6,98765
4,31821
2,66944
1,64877
1,02067
0,628104
0,392565
0,235539
0,157026
-------------------------------------------
328,263 
-------------------------------------------next
328,263
202,877
125,385
77,4923
47,8929
29,5994
18,2935
11,3059
6,98765
4,31821
2,66944
1,64877
1,02067
0,628104
0,392565
0,235539
0,157026
-------------------------------------------
328,263 
-------------------------------------------next
101,004
62,4238
38,5801
23,8438
14,7363
9,10743
5,6289
3,47853
2,15036
1,32817
0,822198
0,505968
0,31623
0,189738
0,126492
-------------------------------------------
101,004 
-------------------------------------------next
31,0781
19,2074
11,8707
7,33675
4,53394
2,8028
1,73114
1,07166
0,659483
0,412177
0,247306
0,164871
-------------------------------------------
31,0781 
15,5391 
14,7153 
5,18062 
5,18022 
0,831456 
0,796564 
-------------------------------------------next
31,0781
19,2074
11,8707
7,33675
4,53394
2,8028
1,73114
1,07166
0,659483
0,412177
0,247306
0,164871
-------------------------------------------
31,0781 
-------------------------------------------next
328,263
202,877
125,385
77,4923
47,8929
29,5994
18,2935
11,3059
6,98765
4,31821
2,66944
1,64877
1,02067
0,628104
0,392565
0,235539
0,157026
-------------------------------------------
328,263 
-------------------------------------------next
31,0781
19,2074
11,8707
7,33675
4,53394
2,8028
1,73114
1,07166
0,659483
0,412177
0,247306
0,164871
-------------------------------------------
31,0781 
-------------------------------------------next
31,0781
19,2074
11,8707
7,33675
4,53394
2,8028
1,73114
1,07166
0,659483
0,412177
0,247306
0,164871
-------------------------------------------
31,0781 
-------------------------------------------next
101,004
62,4238
38,5801
23,8438
14,7363
9,10743
5,6289
3,47853
2,15036
1,32817
0,822198
0,505968
0,31623
0,189738
0,126492
-------------------------------------------
101,004 
50,502 
16,5241 
0,296639 
-------------------------------------------next
328,263
202,877
125,385
77,4923
47,8929
29,5994
18,2935
11,3059
6,98765
4,31821
2,66944
1,64877
1,02067
0,628104
0,392565
0,235539
0,157026
-------------------------------------------
328,263 
-------------------------------------------next
101,004
62,4238
38,5801
23,8438
14,7363
9,10743
5,6289
3,47853
2,15036
1,32817
0,822198
0,505968
0,31623
0,189738
0,126492
-------------------------------------------
101,004 
50,502 
18,4723 
0,459097 
-------------------------------------------next
10,5625
6,52821
4,03429
2,49392
1,54036
0,953559
0,586806
0,366753
0,220052
0,146701
-------------------------------------------
10,5625 
-------------------------------------------next
31,0781
19,2074
11,8707
7,33675
4,53394
2,8028
1,73114
1,07166
0,659483
0,412177
0,247306
0,164871
-------------------------------------------
31,0781 
-------------------------------------------next
328,263
202,877
125,385
77,4923
47,8929
29,5994
18,2935
11,3059
6,98765
4,31821
2,66944
1,64877
1,02067
0,628104
0,392565
0,235539
0,157026
-------------------------------------------
328,263 
-------------------------------------------next
101,004
62,4238
38,5801
23,8438
14,7363
9,10743
5,6289
3,47853
2,15036
1,32817
0,822198
0,505968
0,31623
0,189738
0,126492
-------------------------------------------
101,004 
-------------------------------------------next
101,004
62,4238
38,5801
23,8438
14,7363
9,10743
5,6289
3,47853
2,15036
1,32817
0,822198
0,505968
0,31623
0,189738
0,126492
-------------------------------------------
101,004 
50,502 
38,2794 
37,7008 
37,4945 
37,4774 
37,4724 
37,4719 
37,4717 
-------------------------------------------next
101,004
62,4238
38,5801
23,8438
14,7363
9,10743
5,6289
3,47853
2,15036
1,32817
0,822198
0,505968
0,31623
0,189738
0,126492
-------------------------------------------
101,004 
50,502 
17,573 
0,403421 
-------------------------------------------next
328,263
202,877
125,385
77,4923
47,8929
29,5994
18,2935
11,3059
6,98765
4,31821
2,66944
1,64877
1,02067
0,628104
0,392565
0,235539
0,157026
-------------------------------------------
328,263 
-------------------------------------------next
10,5625
6,52821
4,03429
2,49392
1,54036
0,953559
0,586806
0,366753
0,220052
0,146701
-------------------------------------------
10,5625 
5,28125 
3,98008 
0,26612 
0,233899 
-------------------------------------------next
328,263
202,877
125,385
77,4923
47,8929
29,5994
18,2935
11,3059
6,98765
4,31821
2,66944
1,64877
1,02067
0,628104
0,392565
0,235539
0,157026
-------------------------------------------
328,263 
-------------------------------------------next
10,5625
6,52821
4,03429
2,49392
1,54036
0,953559
0,586806
0,366753
0,220052
0,146701
-------------------------------------------
10,5625 
5,28125 
4,53467 
0,233891 
0,191849 
-------------------------------------------next
10,5625
6,52821
4,03429
2,49392
1,54036
0,953559
0,586806
0,366753
0,220052
0,146701
-------------------------------------------
10,5625 
5,28125 
3,72612 
0,250987 
0,226658 
-------------------------------------------next
10,5625
6,52821
4,03429
2,49392
1,54036
0,953559
0,586806
0,366753
0,220052
0,146701
-------------------------------------------
10,5625 
5,28125 
4,35466 
0,254404 
0,213708 
-------------------------------------------next
31,0781
19,2074
11,8707
7,33675
4,53394
2,8028
1,73114
1,07166
0,659483
0,412177
0,247306
0,164871
-------------------------------------------
31,0781 
-------------------------------------------next
101,004
62,4238
38,5801
23,8438
14,7363
9,10743
5,6289
3,47853
2,15036
1,32817
0,822198
0,505968
0,31623
0,189738
0,126492
-------------------------------------------
101,004 
50,502 
-------------------------------------------next
101,004
62,4238
38,5801
23,8438
14,7363
9,10743
5,6289
3,47853
2,15036
1,32817
0,822198
0,505968
0,31623
0,189738
0,126492
-------------------------------------------
101,004 
50,502 
33,4152 
33,3887 
33,3473 
33,3471 
-------------------------------------------next
101,004
62,4238
38,5801
23,8438
14,7363
9,10743
5,6289
3,47853
2,15036
1,32817
0,822198
0,505968
0,31623
0,189738
0,126492
-------------------------------------------
101,004 
50,502 
42,8466 
41,7675 
41,3243 
41,2299 
41,1951 
41,1866 
41,1837 
41,183 
41,1827 
41,1827 
-------------------------------------------next
328,263
202,877
125,385
77,4923
47,8929
29,5994
18,2935
11,3059
6,98765
4,31821
2,66944
1,64877
1,02067
0,628104
0,392565
0,235539
0,157026
-------------------------------------------
328,263 
-------------------------------------------next
101,004
62,4238
38,5801
23,8438
14,7363
9,10743
5,6289
3,47853
2,15036
1,32817
0,822198
0,505968
0,31623
0,189738
0,126492
-------------------------------------------
101,004 
50,502 
27,5988 
27,4645 
27,4631 
-------------------------------------------next
31,0781
19,2074
11,8707
7,33675
4,53394
2,8028
1,73114
1,07166
0,659483
0,412177
0,247306
0,164871
-------------------------------------------
31,0781 
-------------------------------------------next
328,263
202,877
125,385
77,4923
47,8929
29,5994
18,2935
11,3059
6,98765
4,31821
2,66944
1,64877
1,02067
0,628104
0,392565
0,235539
0,157026
-------------------------------------------
328,263 
-------------------------------------------next
101,004
62,4238
38,5801
23,8438
14,7363
9,10743
5,6289
3,47853
2,15036
1,32817
0,822198
0,505968
0,31623
0,189738
0,126492
-------------------------------------------
101,004 
-------------------------------------------next
101,004
62,4238
38,5801
23,8438
14,7363
9,10743
5,6289
3,47853
2,15036
1,32817
0,822198
0,505968
0,31623
0,189738
0,126492
-------------------------------------------
101,004 
50,502 
17,1047 
0,360867 
-------------------------------------------next
101,004
62,4238
38,5801
23,8438
14,7363
9,10743
5,6289
3,47853
2,15036
1,32817
0,822198
0,505968
0,31623
0,189738
0,126492
-------------------------------------------
101,004 
-------------------------------------------next
101,004
62,4238
38,5801
23,8438
14,7363
9,10743
5,6289
3,47853
2,15036
1,32817
0,822198
0,505968
0,31623
0,189738
0,126492
-------------------------------------------
101,004 
50,502 
21,6366 
0,22094 
-------------------------------------------next
101,004
62,4238
38,5801
23,8438
14,7363
9,10743
5,6289
3,47853
2,15036
1,32817
0,822198
0,505968
0,31623
0,189738
0,126492
-------------------------------------------
101,004 
50,502 
36,3039 
36,2206 
36,0886 
36,0858 
36,084 
36,084 
-------------------------------------------next
101,004
62,4238
38,5801
23,8438
14,7363
9,10743
5,6289
3,47853
2,15036
1,32817
0,822198
0,505968
0,31623
0,189738
0,126492
-------------------------------------------
101,004 
50,502 
39,3461 
38,4265 
38,1799 
38,1481 
38,1403 
38,1392 
38,1389 
-------------------------------------------next
31,0781
19,2074
11,8707
7,33675
4,53394
2,8028
1,73114
1,07166
0,659483
0,412177
0,247306
0,164871
-------------------------------------------
31,0781 
-------------------------------------------next
101,004
62,4238
38,5801
23,8438
14,7363
9,10743
5,6289
3,47853
2,15036
1,32817
0,822198
0,505968
0,31623
0,189738
0,126492
-------------------------------------------
101,004 
50,502 
26,8448 
26,5329 
26,5322 
-------------------------------------------next
328,263
202,877
125,385
77,4923
47,8929
29,5994
18,2935
11,3059
6,98765
4,31821
2,66944
1,64877
1,02067
0,628104
0,392565
0,235539
0,157026
-------------------------------------------
328,263 
164,131 
102,21 
102,21 
-------------------------------------------next
328,263
202,877
125,385
77,4923
47,8929
29,5994
18,2935
11,3059
6,98765
4,31821
2,66944
1,64877
1,02067
0,628104
0,392565
0,235539
0,157026
-------------------------------------------
328,263 
-------------------------------------------next
101,004
62,4238
38,5801
23,8438
14,7363
9,10743
5,6289
3,47853
2,15036
1,32817
0,822198
0,505968
0,31623
0,189738
0,126492
-------------------------------------------
101,004 
50,502 
19,2786 
0,473694 
-------------------------------------------next
10,5625
6,52821
4,03429
2,49392
1,54036
0,953559
0,586806
0,366753
0,220052
0,146701
-------------------------------------------
10,5625 
5,28125 
4,96215 
0,146435 
0,114716 
-------------------------------------------next
10,5625
6,52821
4,03429
2,49392
1,54036
0,953559
0,586806
0,366753
0,220052
0,146701
-------------------------------------------
10,5625 
-------------------------------------------next
101,004
62,4238
38,5801
23,8438
14,7363
9,10743
5,6289
3,47853
2,15036
1,32817
0,822198
0,505968
0,31623
0,189738
0,126492
-------------------------------------------
101,004 
50,502 
16,4669 
0,289654 
-------------------------------------------next
10,5625
6,52821
4,03429
2,49392
1,54036
0,953559
0,586806
0,366753
0,220052
0,146701
-------------------------------------------
10,5625 
5,28125 
0,182777 
0,168564 
-------------------------------------------next
101,004
62,4238
38,5801
23,8438
14,7363
9,10743
5,6289
3,47853
2,15036
1,32817
0,822198
0,505968
0,31623
0,189738
0,126492
-------------------------------------------
101,004 
50,502 
22,3264 
-------------------------------------------next
101,004
62,4238
38,5801
23,8438
14,7363
9,10743
5,6289
3,47853
2,15036
1,32817
0,822198
0,505968
0,31623
0,189738
0,126492
-------------------------------------------
101,004 
50,502 
28,1493 
28,1489 
-------------------------------------------next
101,004
62,4238
38,5801
23,8438
14,7363
9,10743
5,6289
3,47853
2,15036
1,32817
0,822198
0,505968
0,31623
0,189738
0,126492
-------------------------------------------
101,004 
50,502 
30,0093 
30,007 
-------------------------------------------next
10,5625
6,52821
4,03429
2,49392
1,54036
0,953559
0,586806
0,366753
0,220052
0,146701
-------------------------------------------
10,5625 
5,28125 
3,64148 
0,241968 
0,220409 
-------------------------------------------next
10,5625
6,52821
4,03429
2,49392
1,54036
0,953559
0,586806
0,366753
0,220052
0,146701
-------------------------------------------
10,5625 
-------------------------------------------next
31,0781
19,2074
11,8707
7,33675
4,53394
2,8028
1,73114
1,07166
0,659483
0,412177
0,247306
0,164871
-------------------------------------------
31,0781 
15,5391 
7,19396 
-------------------------------------------next
3,25
2,00735
1,24265
0,764706
0,477941
0,286765
0,191176
-------------------------------------------
3,25 
1,625 
1,05702 
-------------------------------------------next
328,263
202,877
125,385
77,4923
47,8929
29,5994
18,2935
11,3059
6,98765
4,31821
2,66944
1,64877
1,02067
0,628104
0,392565
0,235539
0,157026
-------------------------------------------
328,263 
-------------------------------------------next
101,004
62,4238
38,5801
23,8438
14,7363
9,10743
5,6289
3,47853
2,15036
1,32817
0,822198
0,505968
0,31623
0,189738
0,126492
-------------------------------------------
101,004 
50,502 
18,2535 
0,449006 
-------------------------------------------next
328,263
202,877
125,385
77,4923
47,8929
29,5994
18,2935
11,3059
6,98765
4,31821
2,66944
1,64877
1,02067
0,628104
0,392565
0,235539
0,157026
-------------------------------------------
328,263 
-------------------------------------------next
328,263
202,877
125,385
77,4923
47,8929
29,5994
18,2935
11,3059
6,98765
4,31821
2,66944
1,64877
1,02067
0,628104
0,392565
0,235539
0,157026
-------------------------------------------
328,263 
-------------------------------------------next
31,0781
19,2074
11,8707
7,33675
4,53394
2,8028
1,73114
1,07166
0,659483
0,412177
0,247306
0,164871
-------------------------------------------
31,0781 
-------------------------------------------next
328,263
202,877
125,385
77,4923
47,8929
29,5994
18,2935
11,3059
6,98765
4,31821
2,66944
1,64877
1,02067
0,628104
0,392565
0,235539
0,157026
-------------------------------------------
328,263 
-------------------------------------------next
328,263
202,877
125,385
77,4923
47,8929
29,5994
18,2935
11,3059
6,98765
4,31821
2,66944
1,64877
1,02067
0,628104
0,392565
0,235539
0,157026
-------------------------------------------
328,263 
-------------------------------------------next
10,5625
6,52821
4,03429
2,49392
1,54036
0,953559
0,586806
0,366753
0,220052
0,146701
-------------------------------------------
10,5625 
5,28125 
4,97769 
0,142254 
0,111403 
-------------------------------------------next
101,004
62,4238
38,5801
23,8438
14,7363
9,10743
5,6289
3,47853
2,15036
1,32817
0,822198
0,505968
0,31623
0,189738
0,126492
-------------------------------------------
101,004 
50,502 
35,6258 
35,5668 
35,5187 
35,5176 
35,5171 
-------------------------------------------next
31,0781
19,2074
11,8707
7,33675
4,53394
2,8028
1,73114
1,07166
0,659483
0,412177
0,247306
0,164871
-------------------------------------------
31,0781 
-------------------------------------------next
31,0781
19,2074
11,8707
7,33675
4,53394
2,8028
1,73114
1,07166
0,659483
0,412177
0,247306
0,164871
-------------------------------------------
31,0781 
-------------------------------------------next
101,004
62,4238
38,5801
23,8438
14,7363
9,10743
5,6289
3,47853
2,15036
1,32817
0,822198
0,505968
0,31623
0,189738
0,126492
-------------------------------------------
101,004 
50,502 
27,719 
27,6208 
27,6192 
-------------------------------------------next
101,004
62,4238
38,5801
23,8438
14,7363
9,10743
5,6289
3,47853
2,15036
1,32817
0,822198
0,505968
0,31623
0,189738
0,126492
-------------------------------------------
101,004 
50,502 
28,2575 
28,257 
-------------------------------------------next
31,0781
19,2074
11,8707
7,33675
4,53394
2,8028
1,73114
1,07166
0,659483
0,412177
0,247306
0,164871
-------------------------------------------
31,0781 
-------------------------------------------next
101,004
62,4238
38,5801
23,8438
14,7363
9,10743
5,6289
3,47853
2,15036
1,32817
0,822198
0,505968
0,31623
0,189738
0,126492
-------------------------------------------
101,004 
50,502 
35,7816 
35,7573 
35,6683 
35,667 
35,6661 
35,666 
-------------------------------------------next
328,263
202,877
125,385
77,4923
47,8929
29,5994
18,2935
11,3059
6,98765
4,31821
2,66944
1,64877
1,02067
0,628104
0,392565
0,235539
0,157026
-------------------------------------------
328,263 
-------------------------------------------next
101,004
62,4238
38,5801
23,8438
14,7363
9,10743
5,6289
3,47853
2,15036
1,32817
0,822198
0,505968
0,31623
0,189738
0,126492
-------------------------------------------
101,004 
50,502 
42,5086 
41,5019 
41,0691 
40,984 
40,9521 
40,9448 
40,9424 
40,9418 
40,9416 
40,9415 
-------------------------------------------next
10,5625
6,52821
4,03429
2,49392
1,54036
0,953559
0,586806
0,366753
0,220052
0,146701
-------------------------------------------
10,5625 
-------------------------------------------next
101,004
62,4238
38,5801
23,8438
14,7363
9,10743
5,6289
3,47853
2,15036
1,32817
0,822198
0,505968
0,31623
0,189738
0,126492
-------------------------------------------
101,004 
50,502 
27,7867 
27,7089 
27,7073 
-------------------------------------------next
